32 5
0.362593 0.195455 0.468364 0.200000 0.200000
0.200000 0.200000 0.200000 0.200000 0.200000
0.200000 0.200000 0.200000 0.200000 0.200000
0.200000 0.200000 0.200000 0.200000 0.200000
0.200000 0.200000 0.200000 0.200000 0.200000
0.200000 0.200000 0.200000 0.200000 0.200000
0.200000 0.200000 0.200000 0.200000 0.200000
0.200000 0.200000 0.200000 0.200000 0.200000
0.200000 0.200000 0.200000 0.200000 0.200000
0.200000 0.200000 0.200000 0.200000 0.200000
0.200000 0.200000 0.200000 0.200000 0.200000
0.200000 0.200000 0.200000 0.200000 0.200000
0.200000 0.200000 0.200000 0.200000 0.200000
0.200000 0.200000 0.200000 0.200000 0.200000
0.200000 0.200000 0.200000 0.200000 0.200000
0.200000 0.200000 0.200000 0.200000 0.200000
0.200000 0.200000 0.200000 0.200000 0.200000
0.200000 0.200000 0.200000 0.200000 0.200000
0.200000 0.200000 0.200000 0.200000 0.200000
0.200000 0.200000 0.200000 0.200000 0.200000
0.200000 0.200000 0.200000 0.200000 0.200000
0.200000 0.200000 0.200000 0.200000 0.200000
0.200000 0.200000 0.200000 0.200000 0.200000
0.200000 0.200000 0.200000 0.200000 0.200000
0.194971 0.200000 0.200000 0.200000 0.200000
0.200000 0.200000 0.200000 0.200000 0.200000
0.200000 0.200000 0.200000 0.200000 0.200000
0.200000 0.200000 0.200000 0.200000 0.200000
0.200000 0.200000 0.200000 0.200000 0.200000
0.200000 0.200000 0.200000 0.200000 0.200000
0.200000 0.200000 0.200000 0.200000 0.200000
0.200000 0.200000 0.200000 0.200000 0.000000
