32 5
-0.000000 -0.000000 -0.000155 -0.000000 -0.000000
-0.000000 -0.000799 -0.000000 0.000000 -0.000000
-0.000000 -0.000000 -0.000700 0.000000 0.000000
0.000000 0.000000 0.000000 0.000000 0.000000
-0.000000 -0.000000 -0.000000 -0.000000 -0.000000
0.000000 -0.000700 -0.000000 0.000000 0.000000
0.000000 0.000000 -0.000100 0.000000 0.000000
0.000000 0.000000 -0.000100 0.000000 0.000000
0.000000 0.000000 0.000000 0.000000 0.000000
0.000000 0.000000 0.000000 0.000000 0.000000
0.000000 0.000000 0.000000 0.000000 0.000000
0.000000 0.000000 0.000000 0.000000 0.000000
-0.000000 -0.000000 -0.000000 -0.000000 0.000000
-0.005865 -0.000600 -0.001199 -0.001099 -0.001299
0.000000 0.000000 0.000000 0.000000 0.000000
-0.000200 -0.000200 -0.000100 0.000000 -0.000100
-0.000000 -0.000000 -0.000000 -0.000000 -0.000000
0.000000 0.000000 0.000000 0.000000 0.000000
0.000000 0.000000 -0.000999 0.000000 0.000000
0.000000 -0.000200 0.000000 0.000000 0.000000
-0.000000 0.000000 0.000000 0.000000 0.000000
0.000000 0.000000 0.000000 0.000000 0.000000
0.000000 0.000000 -0.000100 0.000000 0.000000
0.000000 -0.000200 -0.000200 0.000000 0.000000
-0.000000 -0.000000 -0.000000 -0.000000 -0.000000
0.000000 0.000000 0.000000 0.000000 0.000000
-0.481804 -0.001199 -0.002595 -0.001597 -0.002594
-0.000700 -0.000100 -0.000100 0.000000 0.000000
-0.000000 -0.000000 -0.000000 -0.000000 -0.000000
-0.000498 -0.000200 0.000000 0.000000 -0.000100
-0.224003 -0.000300 -0.000100 -0.000100 -0.000700
-0.000899 0.000000 0.000000 0.000000 -0.000100
