128 5
-0.055124 -0.056203 -0.054082 -0.056203 -0.031162
-0.043056 -0.056450 -0.045068 -0.045385 -0.044953
-0.048916 -0.048105 -0.050408 -0.052315 -0.049219
0.000000 0.000000 0.000000 0.000000 0.000000
0.000000 0.000000 0.000000 0.000000 0.000000
0.000000 0.000000 0.000000 0.000000 0.000000
0.000000 0.000000 0.000000 0.000000 0.000000
0.000000 0.000000 0.000000 0.000000 0.000000
0.000000 0.000000 0.000000 0.000000 0.000000
0.000000 0.000000 0.000000 0.000000 0.000000
0.000000 0.000000 0.000000 0.000000 0.000000
0.000000 0.000000 0.000000 0.000000 0.000000
-0.236853 -0.238785 -0.122809 -0.239387 -0.238085
-0.934817 -0.934777 -0.935077 -0.934883 -0.934731
-0.213164 -0.130796 -0.213152 -0.213997 -0.210230
-0.903369 -0.903378 -0.903819 -0.903624 -0.903292
0.000000 0.000000 0.000000 0.000000 0.000000
0.000000 0.000000 0.000000 0.000000 0.000000
0.000000 0.000000 0.000000 0.000000 0.000000
0.000000 0.000000 0.000000 0.000000 0.000000
0.000000 0.000000 0.000000 0.000000 0.000000
0.000000 0.000000 0.000000 0.000000 0.000000
0.000000 0.000000 0.000000 0.000000 0.000000
0.000000 0.000000 0.000000 0.000000 0.000000
-0.213844 -0.213846 -0.134113 -0.213696 -0.213940
-0.220027 -0.140395 -0.217664 -0.214236 -0.218000
-0.947238 -0.947254 -0.947455 -0.947389 -0.947388
-0.882598 -0.882571 -0.882582 -0.882833 -0.882591
0.000000 0.000000 0.000000 0.000000 0.000000
0.000000 0.000000 0.000000 0.000000 0.000000
0.000000 0.000000 0.000000 0.000000 0.000000
0.000000 0.000000 0.000000 0.000000 0.000000
-0.052687 -0.034492 -0.053344 -0.052227 -0.051380
-0.007256 -0.011871 -0.007073 -0.007835 -0.007189
-0.042110 -0.039108 -0.064232 -0.041396 -0.041739
0.000000 0.000000 0.000000 0.000000 0.000000
-0.050421 -0.054733 -0.050714 -0.051896 -0.032681
-0.056784 -0.111366 -0.035203 -0.055109 -0.053063
-0.007810 -0.007845 -0.007833 -0.008405 -0.007686
0.000000 0.000000 0.000000 0.000000 0.000000
-0.244640 -0.243964 -0.148742 -0.250017 -0.247511
0.000000 0.000000 0.000000 0.000000 0.000000
-0.263891 -0.210949 -0.266105 -0.265088 -0.264053
0.000000 0.000000 0.000000 0.000000 0.000000
-0.225601 -0.125425 -0.224105 -0.226368 -0.226412
-0.932470 -0.932400 -0.581413 -0.932359 -0.932370
-0.205899 -0.207774 -0.206727 -0.209136 -0.147358
-0.912516 -0.912898 -0.912715 -0.910808 -0.912708
0.000000 0.000000 0.000000 0.000000 0.000000
0.000000 0.000000 0.000000 0.000000 0.000000
0.000000 0.000000 0.000000 0.000000 0.000000
0.000000 0.000000 0.000000 0.000000 0.000000
0.000000 0.000000 0.000000 0.000000 0.000000
0.000000 0.000000 0.000000 0.000000 0.000000
0.000000 0.000000 0.000000 0.000000 0.000000
0.000000 0.000000 0.000000 0.000000 0.000000
-0.209230 -0.172539 -0.205327 -0.210084 -0.209104
-0.038721 -0.032553 -0.038434 -0.033777 -0.033712
-0.941632 -0.938383 -0.942029 -0.941577 -0.941780
-0.019900 -0.019900 -0.019900 -0.010000 -0.010000
-0.204326 -0.205452 -0.171362 -0.205509 -0.202259
-0.207090 -0.304287 -0.167068 -0.210384 -0.206522
-0.948080 -0.948122 -0.943980 -0.947988 -0.948064
-0.664362 -0.665519 -0.667579 -0.665112 -0.664555
-0.032821 -0.061569 -0.063322 -0.059060 -0.059725
-0.045910 -0.076567 -0.048922 -0.048634 -0.048294
0.000000 0.000000 0.000000 0.000000 0.000000
0.000000 0.000000 0.000000 0.000000 0.000000
0.000000 0.000000 0.000000 0.000000 0.000000
0.000000 0.000000 0.000000 0.000000 0.000000
0.000000 0.000000 0.000000 0.000000 0.000000
0.000000 0.000000 0.000000 0.000000 0.000000
-0.221590 -0.145178 -0.217674 -0.219858 -0.213763
-0.208340 -0.208499 -0.145153 -0.207920 -0.211645
0.000000 0.000000 0.000000 0.000000 0.000000
0.000000 0.000000 0.000000 0.000000 0.000000
-0.220188 -0.111577 -0.223732 -0.218941 -0.221650
-0.937631 -0.937680 -0.934784 -0.938026 -0.937637
0.000000 0.000000 0.000000 0.000000 0.000000
0.000000 0.000000 0.000000 0.000000 0.000000
-0.051466 -0.032637 -0.089217 -0.053528 -0.052004
0.000000 0.000000 0.000000 0.000000 0.000000
-0.065805 -0.032308 -0.246282 -0.063415 -0.063117
0.000000 0.000000 0.000000 0.000000 0.000000
0.000000 0.000000 0.000000 0.000000 0.000000
0.000000 0.000000 0.000000 0.000000 0.000000
0.000000 0.000000 0.000000 0.000000 0.000000
0.000000 0.000000 0.000000 0.000000 0.000000
-0.212687 -0.116916 -0.210345 -0.211283 -0.213108
-0.206130 -0.203898 -0.114702 -0.202508 -0.205871
-0.943305 -0.866703 -0.943069 -0.943769 -0.943247
-0.940812 -0.940280 -0.925086 -0.941111 -0.941286
-0.230347 -0.167010 -0.230611 -0.231216 -0.232799
-0.935460 -0.935776 -0.929625 -0.935910 -0.935513
-0.238633 -0.171792 -0.443380 -0.238907 -0.238423
-0.871276 -0.870756 -0.870072 -0.870924 -0.870849
-0.030513 -0.044096 -0.044635 -0.046313 -0.043269
-0.000733 -0.000984 -0.001213 -0.001001 -0.000656
0.000000 0.000000 0.000000 0.000000 0.000000
0.000000 0.000000 0.000000 0.000000 0.000000
-0.047089 -0.049750 -0.029080 -0.047825 -0.048143
-0.061351 -0.181702 -0.042280 -0.059988 -0.059172
0.000000 0.000000 0.000000 0.000000 0.000000
0.000000 0.000000 0.000000 0.000000 0.000000
-0.216966 -0.150468 -0.217892 -0.216225 -0.217397
-0.024344 -0.024569 -0.030751 -0.023380 -0.024220
0.000000 0.000000 0.000000 0.000000 0.000000
0.000000 0.000000 0.000000 0.000000 0.000000
-0.210187 -0.128787 -0.208379 -0.211461 -0.211370
-0.799445 -0.799881 -0.567492 -0.798009 -0.796146
0.000000 0.000000 0.000000 0.000000 0.000000
0.000000 0.000000 0.000000 0.000000 0.000000
-0.025192 -0.048114 -0.073189 -0.047041 -0.050701
0.000000 0.000000 0.000000 0.000000 0.000000
-0.079693 -0.034887 -0.251642 -0.073867 -0.072999
0.000000 0.000000 0.000000 0.000000 0.000000
-0.021785 -0.022221 -0.022445 -0.025294 -0.022940
-0.009328 -0.011321 -0.009574 -0.010422 -0.013330
-0.023245 -0.022155 -0.020827 -0.020002 -0.026323
0.000000 0.000000 0.000000 0.000000 0.000000
-0.197887 -0.109378 -0.195040 -0.196479 -0.197442
-0.025592 -0.021277 -0.024213 -0.021956 -0.030612
-0.875184 -0.517723 -0.874654 -0.874462 -0.874402
-0.039404 -0.039404 -0.029701 -0.029701 -0.029701
-0.152263 -0.207977 -0.225589 -0.203214 -0.209174
-0.594389 -0.726370 -0.731423 -0.728849 -0.727773
-0.886376 -0.655181 -0.887690 -0.888041 -0.888072
-0.957818 -0.955081 -0.957656 -0.958221 -0.957540
