512 5
0.932814 0.873421 3.281419 0.984331 0.906567
-0.000106 -0.058488 0.301369 0.000076 0.000023
3.404703 0.020902 0.002642 0.001532 0.027826
0.000000 0.000000 0.000000 0.000000 0.000000
0.627306 0.531275 6.161159 0.466338 0.321253
0.000000 0.000000 0.000000 0.000000 0.000000
0.000000 0.000000 0.000000 0.000000 0.000000
0.000000 0.000000 0.000000 0.000000 0.000000
0.000000 0.000000 0.000000 0.000000 0.000000
0.000000 0.000000 0.000000 0.000000 0.000000
0.000000 0.000000 0.000000 0.000000 0.000000
0.000000 0.000000 0.000000 0.000000 0.000000
-0.055259 2.697537 -0.067562 -0.072371 -0.053161
-0.489122 -0.486037 -0.486068 -0.488648 -0.483995
0.000000 0.000000 0.000000 0.000000 0.000000
0.000000 0.000000 0.000000 0.000000 0.000000
0.131805 5.759594 0.057924 0.086848 0.149352
0.000000 0.000000 0.000000 0.000000 0.000000
0.000000 0.000000 0.000000 0.000000 0.000000
0.000000 0.000000 0.000000 0.000000 0.000000
0.000000 0.000000 0.000000 0.000000 0.000000
0.000000 0.000000 0.000000 0.000000 0.000000
0.000000 0.000000 0.000000 0.000000 0.000000
0.000000 0.000000 0.000000 0.000000 0.000000
-0.005347 3.759378 0.002731 0.041425 -0.000966
0.000000 0.000000 0.000000 0.000000 0.000000
-0.799940 -0.799799 -0.800048 -0.801608 -0.801590
0.000000 0.000000 0.000000 0.000000 0.000000
-0.116323 -0.116629 2.549870 -0.111096 -0.113061
-0.019900 -0.010000 -0.010000 -0.019900 -0.010000
-0.296260 -0.291525 -0.295412 -0.296158 -0.296500
0.000000 0.000000 0.000000 0.000000 0.000000
0.111434 6.491931 0.449724 0.461019 0.303026
0.000000 0.000000 0.000000 0.000000 0.000000
1.118726 0.000000 0.000000 0.000000 0.000000
0.000000 0.000000 0.000000 0.000000 0.000000
0.356430 0.211557 7.243514 0.039368 0.540439
-0.000095 -0.019900 0.830744 0.000000 0.000000
0.000000 0.000000 0.000000 0.000000 0.000000
0.000000 0.000000 0.000000 0.000000 0.000000
0.083901 0.061257 5.900535 0.036424 0.359482
0.000000 0.000000 0.000000 0.000000 0.000000
-0.003186 -0.013126 -0.056886 -0.003157 3.598013
0.000000 0.000000 0.000000 0.000000 0.000000
-0.185604 -0.193238 -0.045025 -0.187968 -0.186043
-0.644482 -0.641579 -0.641567 -0.643692 -0.643745
0.000000 0.000000 0.000000 0.000000 0.000000
-0.039394 -0.031037 -0.039389 -0.039389 -0.030141
0.011628 0.000005 6.508005 0.040706 0.006761
0.000000 0.000000 0.000000 0.000000 0.000000
0.000000 0.000000 0.000000 0.000000 0.000000
0.000000 0.000000 0.000000 0.000000 0.000000
0.000165 0.000000 0.000000 0.000000 0.000002
0.000000 0.000000 0.000000 0.000000 0.000000
0.000000 0.000000 0.000000 0.000000 0.000000
0.000000 0.000000 0.000000 0.000000 0.000000
-0.092157 -0.085318 -0.087720 6.091902 -0.085260
0.000000 0.000000 0.000000 0.000000 0.000000
-0.274629 -0.275020 -0.267789 -0.275100 -0.274855
0.000000 0.000000 0.000000 0.000000 0.000000
0.001327 -0.000046 0.002169 14.053703 -0.000099
-0.010000 -0.010000 -0.010000 -0.010000 0.000000
-0.024961 -0.029701 -0.030573 -0.029681 -0.027890
0.000000 0.000000 0.000000 0.000000 0.000000
0.682291 0.609682 1.118962 6.143732 1.950217
0.000000 0.000000 0.000000 0.000000 0.000000
0.000000 0.000000 0.000000 0.000000 0.000000
0.000000 0.000000 0.000000 0.000000 0.000000
0.051437 0.062136 5.130300 0.055728 0.012654
0.000000 0.000000 0.000000 0.000000 0.000000
0.000000 0.000000 0.000000 0.000000 0.000000
0.000000 0.000000 0.000000 0.000000 0.000000
0.047905 3.351072 0.225077 0.188241 0.110069
-0.000000 -0.010000 11.247641 0.000000 -0.000009
0.000000 0.000000 0.000000 0.000000 0.000000
0.000000 0.000000 0.000000 0.000000 0.000000
-0.032048 10.717175 -0.032273 -0.031890 -0.037172
-0.010000 -0.010000 -0.010000 -0.010000 -0.010000
0.000000 0.000000 0.000000 0.000000 0.000000
0.000000 0.000000 0.000000 0.000000 0.000000
0.007085 0.019390 5.219239 0.007639 0.010012
0.000000 0.000000 0.000000 0.000000 0.000000
0.015561 4.428460 0.000000 0.000302 0.013876
0.000000 0.000000 0.000000 0.000000 0.000000
0.000000 0.000000 0.000000 0.000000 0.000000
0.000000 0.000000 0.000000 0.000000 0.000000
0.000000 0.000000 0.000000 0.000000 0.000000
0.000000 0.000000 0.000000 0.000000 0.000000
-0.000121 10.377306 -0.000344 -0.004775 0.000068
0.000000 0.000000 0.000000 0.000000 0.000000
-0.197783 4.784362 -0.197177 -0.198627 -0.197975
0.000000 0.000000 0.000000 0.000000 0.000000
-0.011251 -0.010189 0.673655 -0.011591 -0.011138
-0.060429 -0.058495 -0.060960 -0.062561 -0.058527
-0.198233 -0.205457 -0.198915 -0.198087 -0.198366
0.000000 0.000000 0.000000 0.000000 0.000000
0.189114 0.112449 0.161977 6.510225 0.278153
0.000000 0.000000 0.000000 0.000000 0.000000
0.000000 0.000000 0.000000 0.000000 0.000000
0.000000 0.000000 0.000000 0.000000 0.000000
0.000000 6.269092 0.000000 0.000000 0.000000
0.000000 0.000000 0.000000 0.000000 0.000000
0.000000 0.000000 0.000000 0.000000 0.000000
0.000000 0.000000 0.000000 0.000000 0.000000
2.095198 -0.031921 -0.029039 -0.032100 -0.026962
0.000000 0.000000 0.000000 0.000000 0.000000
0.000000 0.000000 0.000000 0.000000 0.000000
0.000000 0.000000 0.000000 0.000000 0.000000
-0.000566 -0.000528 0.095476 -0.000763 -0.002656
-0.049000 -0.040302 -0.041481 -0.039477 -0.039839
0.000000 0.000000 0.000000 0.000000 0.000000
0.000000 0.000000 0.000000 0.000000 0.000000
0.000004 4.620950 0.000000 0.000000 0.000000
0.000000 0.000000 0.000000 0.000000 0.000000
1.045929 0.000000 0.000000 0.000000 0.000000
0.000000 0.000000 0.000000 0.000000 0.000000
2.426177 0.000000 0.000000 0.000000 0.000000
0.000000 0.000000 0.000000 0.000000 0.000000
0.000000 0.000000 0.000000 0.000000 0.000000
0.000000 0.000000 0.000000 0.000000 0.000000
-0.001102 0.823493 -0.001316 -0.001561 -0.001422
0.000000 0.000000 0.000000 0.000000 0.000000
-0.393018 -0.391862 -0.394348 -0.392220 -0.321162
0.000000 0.000000 0.000000 0.000000 0.000000
-0.007647 -0.005401 0.095523 -0.005181 -0.005327
-0.058471 -0.056046 -0.062012 -0.058571 -0.058734
-0.009995 0.000000 0.000000 0.000000 0.000000
-0.029793 -0.039399 -0.029701 -0.039399 -0.029870
0.932358 0.859961 4.240686 0.984471 0.934504
0.000000 0.000000 0.000000 0.000000 0.000000
-0.000092 5.091143 -0.009801 -0.000065 -0.000095
0.000000 0.000000 0.000000 0.000000 0.000000
0.000000 0.000000 0.000000 0.000000 0.000000
0.000000 0.000000 0.000000 0.000000 0.000000
0.000000 0.000000 0.000000 0.000000 0.000000
0.000000 0.000000 0.000000 0.000000 0.000000
0.000000 0.000000 0.000000 0.000000 0.000000
0.000000 0.000000 0.000000 0.000000 0.000000
0.000000 0.000000 0.000000 0.000000 0.000000
0.000000 0.000000 0.000000 0.000000 0.000000
0.530647 -0.003371 0.001147 -0.055029 -0.025937
-0.956754 -0.956674 -0.956623 -0.956713 -0.956835
0.000000 0.000000 0.000000 0.000000 0.000000
0.000000 0.000000 0.000000 0.000000 0.000000
0.005961 4.720886 -0.002201 0.008415 0.006184
0.000000 0.000000 0.000000 0.000000 0.000000
0.000000 0.000000 0.000000 0.000000 0.000000
0.000000 0.000000 0.000000 0.000000 0.000000
0.000000 0.000000 0.000000 0.000000 0.000000
0.000000 0.000000 0.000000 0.000000 0.000000
0.000000 0.000000 0.000000 0.000000 0.000000
0.000000 0.000000 0.000000 0.000000 0.000000
-0.061639 -0.066937 0.983009 -0.085567 -0.057094
0.000000 0.000000 0.000000 0.000000 0.000000
-0.648972 -0.650268 -0.648425 -0.651050 -0.651069
0.000000 0.000000 0.000000 0.000000 0.000000
-0.010814 3.424837 -0.011109 -0.010420 -0.018788
-0.010000 -0.010000 -0.000095 -0.010000 0.000000
0.000000 0.000000 0.000000 0.000000 0.000000
0.000000 0.000000 0.000000 0.000000 0.000000
0.396433 0.458856 0.409928 0.382721 3.528747
0.000000 0.000000 0.000000 0.000000 0.000000
-0.000004 -0.000000 -0.010000 -0.000007 0.639013
0.000000 0.000000 0.000000 0.000000 0.000000
0.050015 0.028185 5.167342 0.081735 0.060477
-0.000001 0.000000 0.000000 0.000000 -0.000095
0.000000 0.000000 0.000000 0.000000 0.000000
0.000000 0.000000 0.000000 0.000000 0.000000
-0.016683 -0.030010 5.868378 -0.022122 -0.021392
0.000000 0.000000 0.000000 0.000000 0.000000
-0.001100 -0.001411 -0.010000 -0.003656 0.009921
0.000000 0.000000 0.000000 0.000000 0.000000
0.282743 0.200322 5.118039 1.115035 0.147156
-0.840702 -0.839910 -0.840976 -0.841063 -0.839666
-0.002360 -0.002692 -0.019076 -0.002642 4.750635
-0.019900 -0.010000 -0.010000 -0.010000 -0.010000
-0.006355 2.791200 0.001812 -0.002704 -0.003651
0.000000 0.000000 0.000000 0.000000 0.000000
0.000000 0.000000 0.000000 0.000000 0.000000
0.000000 0.000000 0.000000 0.000000 0.000000
4.172104 0.008149 -0.001285 -0.002491 -0.002446
0.000000 0.000000 0.000000 0.000000 0.000000
0.000000 0.000000 0.000000 0.000000 0.000000
0.000000 0.000000 0.000000 0.000000 0.000000
-0.029619 -0.046307 2.910820 -0.048405 -0.049270
0.000000 0.000000 0.000000 0.000000 0.000000
-0.122349 -0.122623 -0.117665 -0.113997 -0.122603
0.000000 0.000000 0.000000 0.000000 0.000000
-0.062208 -0.063986 1.357300 -0.062307 -0.062855
-0.010000 0.000000 0.000000 0.000000 0.000000
-0.166045 -0.166880 -0.165483 -0.166762 -0.173767
0.000000 0.000000 0.000000 0.000000 0.000000
0.045889 4.547719 0.124349 0.028512 0.030793
0.000000 0.000000 0.000000 0.000000 0.000000
0.000000 0.000000 0.000000 0.000000 0.000000
0.000000 0.000000 0.000000 0.000000 0.000000
0.000000 0.000000 0.000000 0.000000 0.000000
0.000000 0.000000 0.000000 0.000000 0.000000
0.000000 0.000000 0.000000 0.000000 0.000000
0.000000 0.000000 0.000000 0.000000 0.000000
-0.086626 2.907629 -0.084419 -0.085773 -0.085381
0.000000 0.000000 0.000000 0.000000 0.000000
0.000000 0.000000 0.000000 0.000000 0.000000
0.000000 0.000000 0.000000 0.000000 0.000000
-0.008508 6.236826 -0.005520 0.000039 -0.008409
-0.122461 -0.116032 -0.122479 -0.122461 -0.113615
0.000000 0.000000 0.000000 0.000000 0.000000
0.000000 0.000000 0.000000 0.000000 0.000000
0.000013 4.509059 -0.000532 0.000015 0.003276
0.000000 0.000000 0.000000 0.000000 0.000000
-0.003386 -0.003113 -0.093385 -0.003214 4.398017
0.000000 0.000000 0.000000 0.000000 0.000000
0.000000 0.000000 0.000000 0.000000 0.000000
0.000000 0.000000 0.000000 0.000000 0.000000
0.000000 0.000000 0.000000 0.000000 0.000000
0.000000 0.000000 0.000000 0.000000 0.000000
-0.020149 -0.021652 1.293671 -0.003697 -0.013168
0.000000 0.000000 0.000000 0.000000 0.000000
-0.349053 2.311157 -0.346676 -0.351032 -0.351159
0.000000 0.000000 0.000000 0.000000 0.000000
-0.005286 0.776499 -0.005618 -0.005279 -0.010434
-0.019900 -0.010000 -0.010000 -0.010000 0.000000
0.000000 0.000000 0.000000 0.000000 0.000000
0.000000 0.000000 0.000000 0.000000 0.000000
-0.000055 12.918035 -0.000000 0.000006 -0.000157
0.000000 0.000000 0.000000 0.000000 0.000000
0.000000 0.000000 0.000000 0.000000 0.000000
0.000000 0.000000 0.000000 0.000000 0.000000
-0.000625 5.450373 0.040050 0.011059 0.011267
-0.000116 -0.010000 -0.000621 -0.000197 -0.000169
0.000000 0.000000 0.000000 0.000000 0.000000
0.000000 0.000000 0.000000 0.000000 0.000000
-0.076041 2.179133 -0.061145 -0.049857 -0.060065
0.000000 0.000000 0.000000 0.000000 0.000000
0.000000 0.000000 0.000000 0.000000 0.000000
0.000000 0.000000 0.000000 0.000000 0.000000
-0.080389 -0.072291 -0.083781 -0.058514 0.649484
-0.129771 -0.130193 -0.131198 -0.133289 -0.136257
0.000000 0.000000 0.000000 0.000000 0.000000
0.000000 0.000000 0.000000 0.000000 0.000000
-0.000405 0.013803 0.019269 2.721367 -0.000029
0.000000 0.000000 0.000000 0.000000 0.000000
-0.005201 2.441694 -0.010000 0.002888 0.002498
0.000000 0.000000 0.000000 0.000000 0.000000
0.013221 -0.000163 0.008628 4.339784 0.000000
0.000000 0.000000 0.000000 0.000000 0.000000
0.000000 0.000000 0.000000 0.000000 0.000000
0.000000 0.000000 0.000000 0.000000 0.000000
-0.001998 -0.002027 0.386672 -0.002389 -0.003096
0.000000 0.000000 0.000000 0.000000 0.000000
-0.187593 1.807657 -0.198369 -0.187345 -0.187163
0.000000 0.000000 0.000000 0.000000 0.000000
-0.017280 -0.011448 -0.017449 1.974932 -0.017452
-0.039404 -0.039586 -0.039404 -0.039404 -0.039404
-0.224372 0.586705 -0.227807 -0.227002 -0.224176
-0.019900 -0.019900 -0.019900 -0.019900 -0.019900
0.928477 3.243552 0.693533 0.863606 0.687821
0.013588 -0.019900 3.158429 0.000000 0.000000
0.000000 0.000000 0.000000 0.000000 0.000000
0.000000 0.000000 0.000000 0.000000 0.000000
0.007439 0.044029 4.520719 0.009477 0.015130
0.000000 0.000000 0.000000 0.000000 0.000000
0.000000 0.000000 0.000000 0.000000 0.000000
0.000000 0.000000 0.000000 0.000000 0.000000
0.000000 0.000000 0.000000 0.000000 0.000000
0.000000 0.000000 0.000000 0.000000 0.000000
0.000000 0.000000 0.000000 0.000000 0.000000
0.000000 0.000000 0.000000 0.000000 0.000000
-0.009685 -0.006241 3.598570 -0.009474 -0.000476
-0.206386 -0.206386 -0.206386 -0.206386 -0.198369
0.000000 0.000000 0.000000 0.000000 0.000000
0.000000 0.000000 0.000000 0.000000 0.000000
0.000000 0.000000 0.000000 0.000000 0.000000
0.000000 0.000000 0.000000 0.000000 0.000000
0.000000 0.000000 0.000000 0.000000 0.000000
0.000000 0.000000 0.000000 0.000000 0.000000
0.000000 0.000000 0.000000 0.000000 0.000000
0.000000 0.000000 0.000000 0.000000 0.000000
0.000000 0.000000 0.000000 0.000000 0.000000
0.000000 0.000000 0.000000 0.000000 0.000000
0.065384 6.244553 0.082568 0.083241 0.096049
0.000000 0.000000 0.000000 0.000000 0.000000
-0.010000 -0.010000 -0.010000 0.000000 0.000000
0.000000 0.000000 0.000000 0.000000 0.000000
-0.002252 -0.002320 -0.001767 -0.001746 8.913878
0.000000 0.000000 0.000000 0.000000 0.000000
-0.029701 -0.029701 -0.029701 -0.029701 -0.019900
0.000000 0.000000 0.000000 0.000000 0.000000
0.599990 0.538247 0.611917 0.651577 5.119488
0.000000 0.000000 0.000000 0.000000 0.000000
0.000000 0.000000 0.000000 0.000000 0.000000
0.000000 0.000000 0.000000 0.000000 0.000000
0.014780 0.000039 3.702448 0.012671 0.057967
-0.001252 -0.010000 4.604954 -0.000000 -0.000000
0.000000 0.000000 0.000000 0.000000 0.000000
0.000000 0.000000 0.000000 0.000000 0.000000
-0.017427 -0.010592 3.608885 -0.011047 -0.019690
0.000000 0.000000 0.000000 0.000000 0.000000
0.000000 0.000000 0.000000 0.000000 0.000000
0.000000 0.000000 0.000000 0.000000 0.000000
-0.000095 -0.000095 0.065956 0.000000 0.000000
-0.165486 -0.165486 0.711460 -0.165486 -0.165486
0.000000 0.000000 0.000000 0.000000 0.000000
0.000000 0.000000 0.000000 0.000000 0.000000
0.000000 0.000000 0.000000 0.000000 0.000000
0.000000 0.000000 0.000000 0.000000 0.000000
0.000000 0.000000 0.000000 0.000000 0.000000
0.000000 0.000000 0.000000 0.000000 0.000000
0.000000 0.000000 0.000000 0.000000 0.000000
0.000000 0.000000 0.000000 0.000000 0.000000
0.000000 0.000000 0.000000 0.000000 0.000000
0.000000 0.000000 0.000000 0.000000 0.000000
-0.000315 7.390061 -0.000772 -0.000615 -0.002704
0.000000 0.000000 0.000000 0.000000 0.000000
-0.019900 -0.019900 -0.019900 -0.010000 -0.019900
0.000000 0.000000 0.000000 0.000000 0.000000
-0.000001 -0.000007 -0.009895 0.003854 6.201168
0.000000 0.000000 0.000000 0.000000 0.000000
0.000000 0.000000 0.000000 0.000000 0.000000
0.000000 0.000000 0.000000 0.000000 0.000000
0.509980 3.295022 0.528800 0.628445 0.558643
0.000000 0.000000 0.000000 0.000000 0.000000
0.000000 0.000000 0.000000 0.000000 0.000000
0.000000 0.000000 0.000000 0.000000 0.000000
0.002691 0.003034 5.437547 0.012870 0.044956
0.000000 0.000000 0.000000 0.000000 0.000000
0.000000 0.000000 0.000000 0.000000 0.000000
0.000000 0.000000 0.000000 0.000000 0.000000
0.000000 0.000000 0.000000 0.000000 0.000000
0.000000 0.000000 0.000000 0.000000 0.000000
0.000000 0.000000 0.000000 0.000000 0.000000
0.000000 0.000000 0.000000 0.000000 0.000000
-0.010060 0.000960 -0.001801 50.590919 -0.009652
-0.019895 -0.019900 -0.019900 -0.019900 -0.019900
0.000000 0.000000 0.000000 0.000000 0.000000
0.000000 0.000000 0.000000 0.000000 0.000000
0.111881 5.236222 0.134853 0.135022 0.168035
0.000000 0.000000 0.000000 0.000000 0.000000
0.008223 0.010199 -0.237657 0.007408 0.009531
0.000000 0.000000 0.000000 0.000000 0.000000
0.000000 0.000000 0.000000 0.000000 0.000000
0.000000 0.000000 0.000000 0.000000 0.000000
0.000000 0.000000 0.000000 0.000000 0.000000
0.000000 0.000000 0.000000 0.000000 0.000000
0.125819 0.094278 6.509334 0.099629 0.162898
-0.000189 -0.019900 4.629239 -0.000095 0.000000
-0.010000 -0.010000 0.000000 0.000000 0.000000
0.000000 0.000000 0.000000 0.000000 0.000000
-0.036689 -0.037435 4.965111 -0.037554 -0.039145
-0.618919 -0.621646 -0.621472 -0.618828 -0.619132
-0.139733 -0.132709 -0.140114 -0.140023 -0.139847
0.000000 0.000000 0.000000 0.000000 0.000000
0.128721 7.043206 0.068872 0.014623 0.034658
0.000000 0.000000 0.000000 0.000000 0.000000
0.000000 0.000000 0.000000 0.000000 0.000000
0.000000 0.000000 0.000000 0.000000 0.000000
0.014682 4.266999 0.032090 0.053409 0.033998
0.000000 0.000000 0.000000 0.000000 0.000000
0.000000 0.000000 0.000000 0.000000 0.000000
0.000000 0.000000 0.000000 0.000000 0.000000
0.000000 0.000000 0.000000 0.000000 0.000000
0.000000 0.000000 0.000000 0.000000 0.000000
0.000000 0.000000 0.000000 0.000000 0.000000
0.000000 0.000000 0.000000 0.000000 0.000000
-0.011811 0.251960 -0.002579 -0.011710 -0.002295
-0.068016 -0.068276 -0.077203 -0.068280 -0.077022
0.000000 0.000000 0.000000 0.000000 0.000000
0.000000 0.000000 0.000000 0.000000 0.000000
0.000000 6.834554 0.012795 0.000000 0.032052
0.000000 0.000000 0.000000 0.000000 0.000000
0.000000 0.000000 0.000000 0.000000 0.000000
0.000000 0.000000 0.000000 0.000000 0.000000
0.000002 0.000000 0.000000 0.000000 0.000000
0.000000 0.000000 0.000000 0.000000 0.000000
0.000000 0.000000 0.000000 0.000000 0.000000
0.000000 0.000000 0.000000 0.000000 0.000000
-0.038090 4.450099 -0.042400 -0.038232 -0.042229
0.000000 0.000000 0.000000 0.000000 0.000000
-0.186390 -0.182534 -0.182167 -0.181278 -0.178957
0.000000 0.000000 0.000000 0.000000 0.000000
-0.002583 -0.002343 -0.002957 4.841979 -0.001644
-0.401789 -0.403570 0.090839 -0.405029 -0.400556
-0.010000 -0.010000 -0.010000 0.000000 0.000000
-0.086609 -0.077738 -0.086483 -0.086570 -0.077431
0.306646 4.189571 0.234328 0.212334 0.274625
0.000000 0.000000 0.000000 0.000000 0.000000
0.000000 0.000000 0.000000 0.000000 0.000000
0.000000 0.000000 0.000000 0.000000 0.000000
0.000000 0.000000 0.000000 0.000000 0.000000
0.000000 0.000000 0.000000 0.000000 0.000000
0.000000 0.000000 0.000000 0.000000 0.000000
0.000000 0.000000 0.000000 0.000000 0.000000
0.000000 0.000000 0.000000 0.000000 0.000000
0.000000 0.000000 0.000000 0.000000 0.000000
0.000000 0.000000 0.000000 0.000000 0.000000
0.000000 0.000000 0.000000 0.000000 0.000000
-0.009407 -0.002286 3.132314 -0.010641 -0.009607
-0.452843 -0.452843 -0.452843 -0.452843 -0.447316
0.000000 0.000000 0.000000 0.000000 0.000000
0.000000 0.000000 0.000000 0.000000 0.000000
0.000000 0.000000 0.000000 0.000000 0.000000
0.000000 0.000000 0.000000 0.000000 0.000000
0.000000 0.000000 0.000000 0.000000 0.000000
0.000000 0.000000 0.000000 0.000000 0.000000
0.000000 0.000000 0.000000 0.000000 0.000000
0.000000 0.000000 0.000000 0.000000 0.000000
0.000000 0.000000 0.000000 0.000000 0.000000
0.000000 0.000000 0.000000 0.000000 0.000000
-0.024822 -0.015016 2.051884 -0.000453 -0.038448
0.000000 0.000000 0.000000 0.000000 0.000000
-0.095618 -0.095618 -0.086483 -0.086483 -0.086483
0.000000 0.000000 0.000000 0.000000 0.000000
0.000000 0.000000 0.000000 0.000000 0.000000
0.000000 0.000000 0.000000 0.000000 0.000000
0.000000 0.000000 0.000000 0.000000 0.000000
0.000000 0.000000 0.000000 0.000000 0.000000
0.093443 0.115704 4.540330 0.061819 0.111177
0.000000 0.000000 0.000000 0.000000 0.000000
0.000000 0.000000 0.000000 0.000000 0.000000
0.000000 0.000000 0.000000 0.000000 0.000000
0.070295 0.019037 5.019353 0.055446 0.009778
0.000000 -0.010000 0.000000 0.000000 0.000000
0.000000 0.000000 0.000000 0.000000 0.000000
0.000000 0.000000 0.000000 0.000000 0.000000
-0.000049 -0.000095 3.846623 0.000000 0.000000
0.000000 0.000000 0.000000 0.000000 0.000000
0.000000 0.000000 0.000000 0.000000 0.000000
0.000000 0.000000 0.000000 0.000000 0.000000
0.017306 0.000246 3.587556 0.001744 0.004900
-0.039404 -0.039404 -0.039404 -0.039404 -0.039404
0.000000 0.000000 0.000000 0.000000 0.000000
0.000000 0.000000 0.000000 0.000000 0.000000
0.000000 0.000000 0.000000 0.000000 0.000000
0.000000 0.000000 0.000000 0.000000 0.000000
0.000000 0.000000 0.000000 0.000000 0.000000
0.000000 0.000000 0.000000 0.000000 0.000000
0.000000 0.000000 0.000000 0.000000 0.000000
0.000000 0.000000 0.000000 0.000000 0.000000
0.000000 0.000000 0.000000 0.000000 0.000000
0.000000 0.000000 0.000000 0.000000 0.000000
-0.000280 -0.000174 -0.000285 1.599527 -0.000243
0.000000 0.000000 0.000000 0.000000 0.000000
-0.010000 -0.010000 -0.010000 -0.010000 0.000000
0.000000 0.000000 0.000000 0.000000 0.000000
-0.007373 -0.012465 0.633811 -0.011260 -0.007366
0.000000 0.000000 0.000000 0.000000 0.000000
-0.010000 -0.010000 -0.010000 0.000000 0.000000
0.000000 0.000000 0.000000 0.000000 0.000000
0.048060 5.196345 0.052001 0.046061 0.035541
0.000000 0.000000 0.000000 0.000000 0.000000
0.000000 0.000000 0.000000 0.000000 0.000000
0.000000 0.000000 0.000000 0.000000 0.000000
0.000000 0.000000 0.000000 0.000000 0.000000
0.000000 0.000000 0.000000 0.000000 0.000000
0.000000 0.000000 0.000000 0.000000 0.000000
0.000000 0.000000 0.000000 0.000000 0.000000
0.000000 0.000000 0.000000 0.000000 0.000000
0.000000 0.000000 0.000000 0.000000 0.000000
0.000000 0.000000 0.000000 0.000000 0.000000
0.000000 0.000000 0.000000 0.000000 0.000000
-0.013582 3.753565 -0.016119 -0.011873 -0.014637
-0.640212 -0.643378 -0.642782 -0.640053 -0.640647
0.000000 0.000000 0.000000 0.000000 0.000000
0.000000 0.000000 0.000000 0.000000 0.000000
0.009521 6.917463 0.019408 0.005385 0.002990
0.000000 0.000000 0.000000 0.000000 0.000000
-0.000605 0.000292 -0.010000 -0.000095 -0.000018
0.000000 0.000000 0.000000 0.000000 0.000000
0.000000 0.000000 0.000000 0.000000 0.000000
0.000000 0.000000 0.000000 0.000000 0.000000
0.000000 0.000000 0.000000 0.000000 0.000000
0.000000 0.000000 0.000000 0.000000 0.000000
-0.011378 -0.014211 1.846552 -0.015679 -0.013964
0.000000 0.000000 0.000000 0.000000 0.000000
-0.639697 -0.638543 -0.638951 -0.640426 -0.639588
0.000000 0.000000 0.000000 0.000000 0.000000
-0.027779 3.198143 -0.028661 -0.028382 -0.028047
-0.252679 -0.251506 -0.246109 -0.251690 -0.252156
0.000000 0.000000 0.000000 0.000000 0.000000
0.000000 0.000000 0.000000 0.000000 0.000000
-0.000000 0.011962 -0.000005 23.004416 0.000046
0.000000 0.000000 0.000000 0.000000 0.000000
0.000000 0.000000 0.000000 0.000000 0.000000
0.000000 0.000000 0.000000 0.000000 0.000000
10.444517 0.000005 -0.000007 0.051251 0.038383
0.000000 0.000000 0.000000 0.000000 0.000000
0.000000 0.000000 0.000000 0.000000 0.000000
0.000000 0.000000 0.000000 0.000000 0.000000
0.000000 0.000000 0.000000 0.000000 0.000000
0.000000 0.000000 0.000000 0.000000 0.000000
0.000000 0.000000 0.000000 0.000000 0.000000
0.000000 0.000000 0.000000 0.000000 0.000000
-0.010204 2.568397 -0.008792 -0.008734 -0.008658
-0.296825 -0.301942 -0.296840 -0.302808 -0.303372
0.000000 0.000000 0.000000 0.000000 0.000000
0.000000 0.000000 0.000000 0.000000 0.000000
-0.000864 16.883366 -0.000758 -0.000572 -0.000887
0.000000 0.000000 0.000000 0.000000 0.000000
0.000000 0.000000 0.000000 0.000000 0.000000
0.000000 0.000000 0.000000 0.000000 0.000000
-0.000023 -0.000017 -0.000032 -0.000050 -0.000015
0.000000 0.000000 0.000000 0.000000 0.000000
0.000000 0.000000 0.000000 0.000000 0.000000
0.000000 0.000000 0.000000 0.000000 0.000000
-0.012137 -0.011948 6.733047 -0.012176 -0.008149
0.000000 0.000000 0.000000 0.000000 0.000000
-0.230186 -0.229828 -0.230495 -0.230121 -0.230070
0.000000 0.000000 0.000000 0.000000 0.000000
1.329041 -0.016533 -0.018275 -0.016509 -0.017846
-0.139721 -0.131525 -0.132432 -0.131103 -0.131481
-0.085878 -0.077370 -0.086530 -0.085556 -0.086420
0.000000 0.000000 0.000000 0.000000 0.000000
