128 5
1.540579 1.560593 3.023839 1.589352 1.547849
0.384717 -0.059050 0.393927 0.401880 2.257941
0.235521 2.936995 0.204471 0.296008 0.210191
0.000000 0.000000 0.000000 0.000000 0.000000
1.467783 1.457013 1.896239 1.463016 1.467589
0.000000 0.000000 0.000000 0.000000 0.000000
0.000000 0.000000 0.000000 0.000000 0.000000
0.000000 0.000000 0.000000 0.000000 0.000000
0.000000 0.000000 0.000000 0.000000 0.000000
0.000000 0.000000 0.000000 0.000000 0.000000
0.000000 0.000000 0.000000 0.000000 0.000000
0.000000 0.000000 0.000000 0.000000 0.000000
0.459165 0.504452 1.798877 0.465168 0.637926
-0.308380 -0.311511 -0.307296 -0.308278 -0.308285
0.049141 0.179129 1.449306 0.151174 0.132127
-0.104567 -0.106373 -0.104480 -0.104529 -0.105572
0.972559 1.867927 0.874550 1.075015 0.970389
0.000000 0.000000 0.000000 0.000000 0.000000
0.000000 0.000000 0.000000 0.000000 0.000000
0.000000 0.000000 0.000000 0.000000 0.000000
0.000000 0.000000 0.000000 0.000000 0.000000
0.000000 0.000000 0.000000 0.000000 0.000000
0.000000 0.000000 0.000000 0.000000 0.000000
0.000000 0.000000 0.000000 0.000000 0.000000
1.606788 2.752413 0.703288 0.560706 0.535871
0.009678 3.494668 0.002558 -0.000136 0.007816
0.721310 -0.343634 -0.340463 -0.340635 -0.341465
-0.009900 0.315229 0.000000 0.000000 0.000000
-0.031199 -0.045086 3.351353 0.025148 -0.039654
-0.019900 -0.019900 -0.019900 -0.019900 -0.010000
-0.259354 -0.260752 -0.262320 -0.265134 -0.266688
0.000000 0.000000 0.000000 0.000000 0.000000
2.119846 2.143085 1.947609 6.022668 2.124390
0.000000 0.000000 0.000000 0.000000 0.000000
2.770612 0.041010 -0.019900 0.000000 0.000000
0.000000 0.000000 0.000000 0.000000 0.000000
1.642102 1.887921 1.198776 1.648951 1.628679
0.925234 0.116169 2.863508 1.074611 0.954279
0.048666 0.000000 0.000000 0.000463 0.000000
0.000000 0.000000 0.000000 0.000000 0.000000
1.108723 0.960769 1.883653 0.911933 1.153518
0.000000 0.000000 0.000000 0.000000 0.000000
0.958845 0.344285 0.039649 0.277110 0.343098
0.000000 0.000000 0.000000 0.000000 0.000000
0.853467 0.704263 0.700528 1.876631 0.704230
-0.452000 -0.459508 -0.170679 -0.459645 -0.448069
0.091220 1.482508 0.065604 0.048413 0.035448
-0.540523 -0.532224 -0.538318 -0.539510 -0.536509
0.336599 0.263383 1.838242 0.194423 0.427548
0.000000 0.000000 0.000000 0.000000 0.000000
0.000000 0.000000 0.000000 0.000000 0.000000
0.000000 0.000000 0.000000 0.000000 0.000000
-0.000356 0.000000 0.000000 0.000000 0.000000
0.000000 0.000000 0.000000 0.000000 0.000000
0.000000 0.000000 0.000000 0.000000 0.000000
0.000000 0.000000 0.000000 0.000000 0.000000
3.534927 0.141214 0.177321 0.109217 0.145598
0.000000 0.000000 0.000000 0.000000 0.000000
-0.229519 -0.234765 -0.229456 -0.236742 -0.229952
0.000000 0.000000 0.000000 0.000000 0.000000
-0.033669 -0.029911 2.283534 -0.045825 -0.033636
-0.048428 -0.033457 -0.024260 7.565058 -0.038883
-0.322360 -0.326407 -0.326100 -0.321884 -0.322078
-0.009900 -0.010000 -0.010000 -0.010000 -0.010000
1.536525 2.997975 1.579032 1.585580 1.486257
0.000000 0.000000 0.000000 0.000000 0.000000
0.000000 0.000000 0.000000 0.000000 0.000000
0.000000 0.000000 0.000000 0.000000 0.000000
0.024034 0.014534 1.329290 0.047543 0.074123
0.000000 0.000000 0.000000 0.000000 0.000000
0.000000 0.000000 0.000000 0.000000 0.000000
0.000000 0.000000 0.000000 0.000000 0.000000
0.497581 2.767020 0.411464 0.560277 0.447792
0.011305 0.109898 0.066413 0.118614 9.095839
0.000000 0.000000 0.000000 0.000000 0.000000
0.000000 0.000000 0.000000 0.000000 0.000000
0.004040 2.230865 0.055086 0.068780 0.105562
-0.019900 -0.019973 -0.019900 -0.019900 -0.019900
0.000000 0.000000 0.000000 0.000000 0.000000
0.000000 0.000000 0.000000 0.000000 0.000000
1.229163 1.911550 1.069777 1.117664 1.142932
0.000000 0.000000 0.000000 0.000000 0.000000
0.007994 3.476283 -0.046426 1.279336 0.008219
0.000000 0.000000 0.000000 0.000000 0.000000
0.000000 0.000000 0.000000 0.000000 0.000000
0.000000 0.000000 0.000000 0.000000 0.000000
0.000000 0.000000 0.000000 0.000000 0.000000
0.000000 0.000000 0.000000 0.000000 0.000000
1.174722 2.295961 1.306405 1.217119 1.159922
1.836630 0.243168 0.097655 0.279215 0.278439
-0.364129 0.097359 -0.361476 -0.361374 -0.363206
-0.001801 -0.009900 0.175462 0.000000 0.000000
-0.007527 -0.013548 3.006827 0.014923 0.018856
-0.206197 -0.199849 -0.206009 -0.206204 -0.198196
0.716081 -0.024245 -0.200503 -0.163747 -0.128858
-0.265436 -0.256425 -0.261762 -0.264262 -0.264740
0.505932 0.682329 0.650370 0.574321 1.370160
0.000000 0.000000 0.000000 0.000000 0.000000
0.000000 0.000000 0.000000 0.000000 0.000000
0.000000 0.000000 0.000000 0.000000 0.000000
0.032171 1.882036 0.042634 0.044567 0.041391
0.000000 0.000000 0.000000 0.000000 0.000000
0.000000 0.000000 0.000000 0.000000 0.000000
0.000000 0.000000 0.000000 0.000000 0.000000
-0.021962 2.048207 0.044329 -0.004604 -0.016419
0.000000 0.000000 0.000000 0.000000 0.000000
0.000000 0.000000 0.000000 0.000000 0.000000
0.000000 0.000000 0.000000 0.000000 0.000000
0.015264 0.125487 0.119602 0.053457 1.231334
-0.356673 -0.097559 -0.357558 -0.359889 -0.355961
0.000000 0.000000 0.000000 0.000000 0.000000
0.000000 0.000000 0.000000 0.000000 0.000000
1.897392 0.608299 0.311845 0.351296 0.368493
0.000000 0.000000 0.000000 0.000000 0.000000
-0.003678 -0.001793 -0.049010 1.453009 -0.002672
0.000000 0.000000 0.000000 0.000000 0.000000
0.000000 0.000000 0.000000 0.000000 0.000000
0.000000 0.000000 0.000000 0.000000 0.000000
-0.003571 -0.003434 0.000055 0.000000 0.000000
0.000000 0.000000 0.000000 0.000000 0.000000
-0.016692 -0.018684 1.368576 -0.026714 -0.026720
0.000000 0.000000 0.000000 0.000000 0.000000
-0.048107 -0.297113 -0.472267 -0.315060 -0.234572
0.000000 0.000000 0.000000 0.000000 0.000000
-0.001153 -0.039701 1.769453 -0.023545 -0.041660
-0.105826 -0.113400 1.588163 -0.101959 -0.103465
-0.413009 0.553215 -0.426968 -0.413241 -0.406404
-0.317624 -0.316146 -0.317171 -0.317960 -0.318752
