32 5
0.000139 0.000077 0.000168 0.000122 0.000112
0.000002 0.000284 0.000009 0.000011 0.002108
0.000025 0.000031 0.000023 0.000001 0.000004
0.000000 0.000000 0.000000 0.000000 0.000000
0.000341 0.000427 0.000302 0.000147 0.000250
0.000017 0.000015 0.000318 0.000017 0.000023
0.000989 0.000677 0.001002 0.000627 0.000479
0.000000 0.000003 0.000000 0.000001 0.000000
0.001057 0.000701 0.000445 0.001049 0.000932
0.000266 0.000223 0.000012 0.000002 0.001537
0.000320 0.000710 0.000816 0.001532 0.000005
0.000008 0.000096 0.000000 0.000030 0.000043
0.001052 0.001359 0.001143 0.001643 0.001451
0.000036 0.000001 0.000003 0.000002 0.000003
0.000000 0.000004 0.000286 0.000000 0.000000
0.000000 0.000000 0.000000 0.000000 0.000000
0.000000 0.000000 0.000000 0.000000 0.000000
0.000000 0.000000 0.000000 0.000000 0.000000
0.000000 0.000000 0.000000 0.000000 0.000000
0.000000 0.000000 0.000000 0.000000 0.000000
0.000000 0.000000 0.000000 0.000000 0.000000
0.000000 0.000000 0.000000 0.000000 0.000000
0.000000 0.000000 0.000000 0.000000 0.000000
0.000000 0.000000 0.000000 0.000000 0.000000
0.001102 0.001784 0.001479 0.000955 0.001762
0.000099 0.000341 0.000490 0.000069 0.000031
0.000334 0.001222 0.000581 0.002631 0.000366
0.000000 0.000000 0.000002 0.000584 0.000000
0.001151 0.001003 0.001112 0.001440 0.001339
0.000013 0.000249 0.002204 0.001182 0.000008
0.000283 0.002514 0.000012 0.003104 0.001190
0.000005 0.000002 0.000011 0.000005 0.000004
