128 5
-0.027760 -0.038944 -0.032376 -0.031348 -0.032375
-0.009851 -0.009676 -0.009482 -0.009566 -0.009610
-0.008543 -0.008744 -0.037116 -0.008462 -0.008487
0.000000 0.000000 0.000000 0.000000 0.000000
0.000000 0.000000 0.000000 0.000000 0.000000
0.000000 0.000000 0.000000 0.000000 0.000000
0.000000 0.000000 0.000000 0.000000 0.000000
0.000000 0.000000 0.000000 0.000000 0.000000
0.000000 0.000000 0.000000 0.000000 0.000000
0.000000 0.000000 0.000000 0.000000 0.000000
0.000000 0.000000 0.000000 0.000000 0.000000
0.000000 0.000000 0.000000 0.000000 0.000000
-0.130281 -0.131240 -0.109344 -0.131790 -0.133217
-0.573194 -0.572498 -0.571815 -0.573133 -0.572977
-0.051448 -0.052476 -0.054842 -0.051642 -0.052566
-0.227276 -0.226393 -0.224906 -0.228007 -0.227819
0.000000 0.000000 0.000000 0.000000 0.000000
0.000000 0.000000 0.000000 0.000000 0.000000
0.000000 0.000000 0.000000 0.000000 0.000000
0.000000 0.000000 0.000000 0.000000 0.000000
0.000000 0.000000 0.000000 0.000000 0.000000
0.000000 0.000000 0.000000 0.000000 0.000000
0.000000 0.000000 0.000000 0.000000 0.000000
0.000000 0.000000 0.000000 0.000000 0.000000
-0.113265 -0.080670 -0.117926 -0.116367 -0.112057
-0.038154 -0.037895 -0.038064 -0.038406 -0.038619
-0.509747 -0.513491 -0.513184 -0.514321 -0.510007
-0.055372 -0.057483 -0.056102 -0.055918 -0.052614
0.000000 0.000000 0.000000 0.000000 0.000000
0.000000 0.000000 0.000000 0.000000 0.000000
0.000000 0.000000 0.000000 0.000000 0.000000
0.000000 0.000000 0.000000 0.000000 0.000000
-0.025309 -0.013870 -0.025312 -0.025091 -0.025426
-0.000093 -0.000095 -0.000208 0.000000 0.000000
-0.006741 -0.006140 -0.019415 -0.006205 -0.006584
0.000000 0.000000 0.000000 0.000000 0.000000
-0.020805 -0.021547 -0.020804 -0.020820 -0.017229
-0.007924 -0.010000 -0.004683 -0.004834 -0.005027
-0.000042 -0.000102 -0.000055 0.000000 0.000000
0.000000 0.000000 0.000000 0.000000 0.000000
-0.140796 -0.139877 -0.140220 -0.140439 -0.142839
0.000000 0.000000 0.000000 0.000000 0.000000
-0.041214 -0.042416 -0.048138 -0.041072 -0.041394
0.000000 0.000000 0.000000 0.000000 0.000000
-0.128556 -0.134778 -0.108357 -0.128089 -0.126659
-0.694065 -0.693106 -0.689971 -0.692852 -0.692785
-0.058800 -0.059389 -0.064372 -0.060450 -0.066098
-0.280029 -0.279947 -0.285367 -0.282309 -0.283598
0.000000 0.000000 0.000000 0.000000 0.000000
0.000000 0.000000 0.000000 0.000000 0.000000
0.000000 0.000000 0.000000 0.000000 0.000000
0.000000 0.000000 0.000000 0.000000 0.000000
0.000000 0.000000 0.000000 0.000000 0.000000
0.000000 0.000000 0.000000 0.000000 0.000000
0.000000 0.000000 0.000000 0.000000 0.000000
0.000000 0.000000 0.000000 0.000000 0.000000
-0.079415 -0.072339 -0.080774 -0.076487 -0.073941
-0.000113 -0.000006 0.000000 0.000000 0.000000
-0.387561 -0.382671 -0.385965 -0.386285 -0.383270
0.000000 0.000000 0.000000 0.000000 0.000000
-0.069899 -0.075376 -0.075683 -0.075620 -0.075754
-0.009619 -0.006423 -0.006179 -0.005224 -0.005278
-0.299841 -0.295374 -0.295179 -0.301013 -0.300034
-0.010000 -0.012190 -0.010000 -0.009900 -0.010000
-0.059450 -0.056340 -0.056260 -0.055675 -0.029846
-0.026984 -0.031424 -0.027860 -0.027525 -0.027732
0.000000 0.000000 0.000000 0.000000 0.000000
0.000000 0.000000 0.000000 0.000000 0.000000
0.000000 0.000000 0.000000 0.000000 0.000000
0.000000 0.000000 0.000000 0.000000 0.000000
0.000000 0.000000 0.000000 0.000000 0.000000
0.000000 0.000000 0.000000 0.000000 0.000000
-0.171661 -0.123908 -0.178711 -0.174630 -0.173140
-0.042040 -0.062477 -0.038691 -0.040881 -0.039249
0.000000 0.000000 0.000000 0.000000 0.000000
0.000000 0.000000 0.000000 0.000000 0.000000
-0.167389 -0.121918 -0.168200 -0.172760 -0.168952
-0.742552 -0.741185 -0.741962 -0.740740 -0.740660
0.000000 0.000000 0.000000 0.000000 0.000000
0.000000 0.000000 0.000000 0.000000 0.000000
-0.036610 -0.044857 -0.046215 -0.042149 -0.042382
0.000000 0.000000 0.000000 0.000000 0.000000
-0.047118 -0.041754 -0.154198 -0.049037 -0.047839
0.000000 0.000000 0.000000 0.000000 0.000000
0.000000 0.000000 0.000000 0.000000 0.000000
0.000000 0.000000 0.000000 0.000000 0.000000
0.000000 0.000000 0.000000 0.000000 0.000000
0.000000 0.000000 0.000000 0.000000 0.000000
-0.163931 -0.092464 -0.164848 -0.166951 -0.165774
-0.119329 -0.124393 -0.123574 -0.125446 -0.122615
-0.888423 -0.860359 -0.887869 -0.887963 -0.888199
-0.520401 -0.524658 -0.524045 -0.522590 -0.522524
-0.179647 -0.156015 -0.179751 -0.178764 -0.179211
-0.744933 -0.745418 -0.745213 -0.745710 -0.746443
-0.171710 -0.165251 -0.226257 -0.171941 -0.173480
-0.605802 -0.605694 -0.606638 -0.608212 -0.606284
-0.032767 -0.032810 -0.030495 -0.032561 -0.033326
-0.000099 0.000000 0.000000 0.000000 0.000000
0.000000 0.000000 0.000000 0.000000 0.000000
0.000000 0.000000 0.000000 0.000000 0.000000
-0.034835 -0.037423 -0.031312 -0.035593 -0.035124
-0.032257 -0.113022 -0.033492 -0.028198 -0.033036
0.000000 0.000000 0.000000 0.000000 0.000000
0.000000 0.000000 0.000000 0.000000 0.000000
-0.136826 -0.113753 -0.140173 -0.136639 -0.137609
-0.000829 -0.000907 -0.000582 -0.001282 -0.001064
0.000000 0.000000 0.000000 0.000000 0.000000
0.000000 0.000000 0.000000 0.000000 0.000000
-0.141157 -0.140881 -0.125338 -0.141468 -0.141277
-0.596760 -0.594648 -0.596690 -0.596604 -0.597987
0.000000 0.000000 0.000000 0.000000 0.000000
0.000000 0.000000 0.000000 0.000000 0.000000
-0.034677 -0.030440 -0.039794 -0.034483 -0.034298
0.000000 0.000000 0.000000 0.000000 0.000000
-0.040118 -0.039451 -0.042020 -0.039542 -0.037515
0.000000 0.000000 0.000000 0.000000 0.000000
-0.001191 0.000000 0.000000 0.000000 0.000000
0.000000 0.000000 0.000000 0.000000 0.000000
0.000000 0.000000 0.000000 0.000000 0.000000
0.000000 0.000000 0.000000 0.000000 0.000000
-0.153288 -0.154244 -0.125457 -0.153873 -0.158302
0.000000 0.000000 0.000000 0.000000 0.000000
-0.483239 -0.440563 -0.483498 -0.482545 -0.482849
0.000000 0.000000 0.000000 0.000000 0.000000
-0.178147 -0.180825 -0.179631 -0.180029 -0.127524
-0.576250 -0.573807 -0.575054 -0.573665 -0.576471
-0.516984 -0.518811 -0.522399 -0.520570 -0.519129
-0.784354 -0.758210 -0.784864 -0.784725 -0.784576
